camera_matrix:
- - 4633.320614887157
  - 0.0
  - 2698.3855441270766
- - 0.0
  - 4628.8203081430465
  - 2158.251785832569
- - 0.0
  - 0.0
  - 1.0
distortion_coefficients:
- - -0.08370396783879674
- - 0.1285799632850466
- - -0.004776704316891266
- - 0.0025255790803445743
- - -0.10573714489552723
image_size:
  height: 4600
  width: 5320
reprojection_error: 1.2253472429370407
